name: semibin2
channels:
  - conda-forge
  - bioconda
  - defaults
dependencies:
  - _libgcc_mutex=0.1=conda_forge
  - _openmp_mutex=4.5=2_gnu
  - arpack=3.9.1=nompi_h77f6705_101
  - bedtools=2.31.1=hf5e1c6e_2
  - brotli-python=1.1.0=py39h3d6467e_1
  - bzip2=1.0.8=hd590300_5
  - c-ares=1.32.1=h4bc722e_0
  - ca-certificates=2024.7.4=hbcca054_0
  - certifi=2024.7.4=pyhd8ed1ab_0
  - cffi=1.16.0=py39h7a31438_0
  - charset-normalizer=3.3.2=pyhd8ed1ab_0
  - colorama=0.4.6=pyhd8ed1ab_0
  - coloredlogs=15.0.1=pyhd8ed1ab_3
  - filelock=3.15.4=pyhd8ed1ab_0
  - fsspec=2024.6.1=pyhff2d567_0
  - gawk=5.3.0=ha916aea_0
  - gettext=0.22.5=h59595ed_2
  - gettext-tools=0.22.5=h59595ed_2
  - glpk=5.0=h445213a_0
  - gmp=6.3.0=hac33072_2
  - gmpy2=2.1.5=py39h048c657_1
  - h2=4.1.0=pyhd8ed1ab_0
  - hmmer=3.4=hdbdd923_1
  - hpack=4.0.0=pyh9f0ad1d_0
  - htslib=1.20=h5efdd21_2
  - humanfriendly=10.0=pyhd8ed1ab_6
  - hyperframe=6.0.1=pyhd8ed1ab_0
  - icu=73.2=h59595ed_0
  - idna=3.7=pyhd8ed1ab_0
  - jinja2=3.1.4=pyhd8ed1ab_0
  - joblib=1.4.2=pyhd8ed1ab_0
  - keyutils=1.6.1=h166bdaf_0
  - krb5=1.21.3=h659f571_0
  - ld_impl_linux-64=2.40=hf3520f5_7
  - libabseil=20240116.2=cxx17_he02047a_1
  - libasprintf=0.22.5=h661eb56_2
  - libasprintf-devel=0.22.5=h661eb56_2
  - libblas=3.9.0=22_linux64_openblas
  - libcblas=3.9.0=22_linux64_openblas
  - libcurl=8.8.0=hca28451_1
  - libdeflate=1.20=hd590300_0
  - libedit=3.1.20191231=he28a2e2_2
  - libev=4.33=hd590300_2
  - libffi=3.4.2=h7f98852_5
  - libgcc-ng=14.1.0=h77fa898_0
  - libgettextpo=0.22.5=h59595ed_2
  - libgettextpo-devel=0.22.5=h59595ed_2
  - libgfortran-ng=14.1.0=h69a702a_0
  - libgfortran5=14.1.0=hc5f4f2c_0
  - libgomp=14.1.0=h77fa898_0
  - libiconv=1.17=hd590300_2
  - libidn2=2.3.7=hd590300_0
  - liblapack=3.9.0=22_linux64_openblas
  - libnghttp2=1.58.0=h47da74e_1
  - libnsl=2.0.1=hd590300_0
  - libopenblas=0.3.27=pthreads_hac2b453_1
  - libprotobuf=4.25.3=h08a7969_0
  - libsqlite=3.46.0=hde9e2c9_0
  - libssh2=1.11.0=h0841786_0
  - libstdcxx-ng=14.1.0=hc0a3c3a_0
  - libtorch=2.3.1=cpu_generic_h970db74_0
  - libunistring=0.9.10=h7f98852_0
  - libuuid=2.38.1=h0b41bf4_0
  - libuv=1.48.0=hd590300_0
  - libxcrypt=4.4.36=hd590300_1
  - libxml2=2.12.7=hc051c1a_1
  - libzlib=1.2.13=h4ab18f5_6
  - markupsafe=2.1.5=py39hd1e30aa_0
  - mmseqs2=13.45111=pl5321hf1761c0_2
  - mpc=1.3.1=hfe3b2da_0
  - mpfr=4.2.1=h9458935_1
  - mpmath=1.3.0=pyhd8ed1ab_0
  - ncurses=6.5=h59595ed_0
  - networkx=3.2.1=pyhd8ed1ab_0
  - nomkl=1.0=h5ca1d4c_0
  - numexpr=2.10.0=py39he85e4be_100
  - numpy=2.0.0=py39ha0965c0_0
  - openssl=3.3.1=h4ab18f5_1
  - pandas=2.2.2=py39hfc16268_1
  - perl=5.32.1=7_hd590300_perl5
  - pip=24.0=pyhd8ed1ab_0
  - prodigal=2.6.3=h031d066_9
  - pycparser=2.22=pyhd8ed1ab_0
  - pysocks=1.7.1=pyha2e5f31_6
  - python=3.9.19=h0755675_0_cpython
  - python-dateutil=2.9.0=pyhd8ed1ab_0
  - python-igraph=0.11.5=py39hc9390a5_1
  - python-tzdata=2024.1=pyhd8ed1ab_0
  - python_abi=3.9=4_cp39
  - pytorch=2.3.1=cpu_generic_py39he75b87c_0
  - pytz=2024.1=pyhd8ed1ab_0
  - pyyaml=6.0.1=py39hd1e30aa_1
  - readline=8.2=h8228510_1
  - requests=2.32.3=pyhd8ed1ab_0
  - samtools=1.20=h50ea8bc_1
  - scikit-learn=1.5.1=py39hf7b0125_0
  - scipy=1.13.1=py39haf93ffa_0
  - semibin=2.1.0=pyhdfd78af_0
  - setuptools=70.3.0=pyhd8ed1ab_0
  - six=1.16.0=pyh6c4a22f_0
  - sleef=3.5.1=h9b69904_2
  - sympy=1.12.1=pypyh2585a3b_103
  - texttable=1.7.0=pyhd8ed1ab_0
  - threadpoolctl=3.5.0=pyhc1e730c_0
  - tk=8.6.13=noxft_h4845f30_101
  - tqdm=4.66.4=pyhd8ed1ab_0
  - typing_extensions=4.12.2=pyha770c72_0
  - tzdata=2024a=h0c530f3_0
  - urllib3=2.2.2=pyhd8ed1ab_1
  - wget=1.21.4=hda4d442_0
  - wheel=0.43.0=pyhd8ed1ab_1
  - xz=5.2.6=h166bdaf_0
  - yaml=0.2.5=h7f98852_2
  - zlib=1.2.13=h4ab18f5_6
  - zstandard=0.22.0=py39h81c9582_1
  - zstd=1.5.6=ha6fb4c9_0
prefix: /home/kanaevavera/miniforge3/envs/semibin2
